00000000: 00100011 01101001 01101110 01100011 01101100 01110101  #inclu
00000006: 01100100 01100101 00100000 00111100 01110011 01110100  de <st
0000000c: 01100100 01101001 01101111 00101110 01101000 00111110  dio.h>
00000012: 00001010 00100011 01101001 01101110 01100011 01101100  .#incl
00000018: 01110101 01100100 01100101 00100000 00111100 01110011  ude <s
0000001e: 01110100 01100100 01101100 01101001 01100010 00101110  tdlib.
00000024: 01101000 00111110 00001010 00100011 01101001 01101110  h>.#in
0000002a: 01100011 01101100 01110101 01100100 01100101 00100000  clude 
00000030: 00111100 01110011 01110100 01110010 01101001 01101110  <strin
00000036: 01100111 00101110 01101000 00111110 00001010 00001010  g.h>..
0000003c: 00100011 01100100 01100101 01100110 01101001 01101110  #defin
00000042: 01100101 00100000 01010100 01010010 01010101 01000101  e TRUE
00000048: 00100000 00110001 00001010 00100011 01100100 01100101   1.#de
0000004e: 01100110 01101001 01101110 01100101 00100000 01000110  fine F
00000054: 01000001 01001100 01010011 01000101 00100000 00110000  ALSE 0
0000005a: 00001010 00100011 01100100 01100101 01100110 01101001  .#defi
00000060: 01101110 01100101 00100000 01000010 01000001 01000100  ne BAD
00000066: 01011111 01001110 01010101 01001101 01000010 01000101  _NUMBE
0000006c: 01010010 01011111 01000001 01010010 01000111 01010011  R_ARGS
00000072: 00100000 00110001 00001010 00001010 00101111 00101010   1../*
00000078: 00101010 00001010 00100000 00101010 00100000 01010000  *. * P
0000007e: 01100001 01110010 01110011 01100101 01110011 00100000  arses 
00000084: 01110100 01101000 01100101 00100000 01100011 01101111  the co
0000008a: 01101101 01101101 01100001 01101110 01100100 00100000  mmand 
00000090: 01101100 01101001 01101110 01100101 00101110 00001010  line..
00000096: 00100000 00101010 00001010 00100000 00101010 00100000   *. * 
0000009c: 01100001 01110010 01100111 01100011 00111010 00100000  argc: 
000000a2: 01110100 01101000 01100101 00100000 01101110 01110101  the nu
000000a8: 01101101 01100010 01100101 01110010 00100000 01101111  mber o
000000ae: 01100110 00100000 01101001 01110100 01100101 01101101  f item
000000b4: 01110011 00100000 01101111 01101110 00100000 01110100  s on t
000000ba: 01101000 01100101 00100000 01100011 01101111 01101101  he com
000000c0: 01101101 01100001 01101110 01100100 00100000 01101100  mand l
000000c6: 01101001 01101110 01100101 00100000 00101000 01100001  ine (a
000000cc: 01101110 01100100 00100000 01101100 01100101 01101110  nd len
000000d2: 01100111 01110100 01101000 00100000 01101111 01100110  gth of
000000d8: 00100000 01110100 01101000 01100101 00001010 00100000   the. 
000000de: 00101010 00100000 00100000 00100000 00100000 00100000  *     
000000e4: 00100000 00100000 01100001 01110010 01100111 01110110    argv
000000ea: 00100000 01100001 01110010 01110010 01100001 01111001   array
000000f0: 00101001 00100000 01101001 01101110 01100011 01101100  ) incl
000000f6: 01110101 01100100 01101001 01101110 01100111 00100000  uding 
000000fc: 01110100 01101000 01100101 00100000 01100101 01111000  the ex
00000102: 01100101 01100011 01110101 01110100 01100001 01100010  ecutab
00000108: 01101100 01100101 00001010 00100000 00101010 00100000  le. * 
0000010e: 01100001 01110010 01100111 01110110 00111010 00100000  argv: 
00000114: 01110100 01101000 01100101 00100000 01100001 01110010  the ar
0000011a: 01110010 01100001 01111001 00100000 01101111 01100110  ray of
00000120: 00100000 01100001 01110010 01100111 01110101 01101101   argum
00000126: 01100101 01101110 01110100 01110011 00100000 01100001  ents a
0000012c: 01110011 00100000 01110011 01110100 01110010 01101001  s stri
00000132: 01101110 01100111 01110011 00100000 00101000 01100011  ngs (c
00000138: 01101000 01100001 01110010 00101010 00100000 01100001  har* a
0000013e: 01110010 01110010 01100001 01111001 00101001 00001010  rray).
00000144: 00100000 00101010 00100000 01100010 01101001 01110100   * bit
0000014a: 01110011 00111010 00100000 01110100 01101000 01100101  s: the
00000150: 00100000 01101001 01101110 01110100 01100101 01100111   integ
00000156: 01100101 01110010 00100000 01110110 01100001 01101100  er val
0000015c: 01110101 01100101 00100000 01101001 01110011 00100000  ue is 
00000162: 01110011 01100101 01110100 00100000 01110100 01101111  set to
00000168: 00100000 01010100 01010010 01010101 01000101 00100000   TRUE 
0000016e: 01101001 01100110 00100000 01100010 01101001 01110100  if bit
00000174: 01110011 00100000 01101111 01110101 01110100 01110000  s outp
0000017a: 01110101 01110100 00100000 01101001 01101110 01100100  ut ind
00000180: 01101001 01100011 01100001 01110100 01100101 01100100  icated
00000186: 00001010 00100000 00101010 00100000 00100000 00100000  . *   
0000018c: 00100000 00100000 00100000 00100000 01101111 01110101      ou
00000192: 01110100 01101000 01100101 01110010 01110111 01101001  therwi
00000198: 01110011 01100101 00100000 01000110 01000001 01001100  se FAL
0000019e: 01010011 01000101 00100000 01100110 01101111 01110010  SE for
000001a4: 00100000 01101000 01100101 01111000 00100000 01101111   hex o
000001aa: 01110101 01110100 01110000 01110101 01110100 00001010  utput.
000001b0: 00100000 00101010 00001010 00100000 00101010 00100000   *. * 
000001b6: 01110010 01100101 01110100 01110101 01110010 01101110  return
000001bc: 01110011 00100000 01110100 01101000 01100101 00100000  s the 
000001c2: 01101001 01101110 01110000 01110101 01110100 00100000  input 
000001c8: 01100110 01101001 01101100 01100101 00100000 01110000  file p
000001ce: 01101111 01101001 01101110 01110100 01100101 01110010  ointer
000001d4: 00100000 00101000 01000110 01001001 01001100 01000101   (FILE
000001da: 00101010 00101001 00001010 00100000 00101010 00101010  *). **
000001e0: 00101111 00001010 01000110 01001001 01001100 01000101  /.FILE
000001e6: 00100000 00101010 01110000 01100001 01110010 01110011   *pars
000001ec: 01100101 01000011 01101111 01101101 01101101 01100001  eComma
000001f2: 01101110 01100100 01001100 01101001 01101110 01100101  ndLine
000001f8: 00101000 01101001 01101110 01110100 00100000 01100001  (int a
000001fe: 01110010 01100111 01100011 00101100 00100000 01100011  rgc, c
00000204: 01101000 01100001 01110010 00100000 00101010 00101010  har **
0000020a: 01100001 01110010 01100111 01110110 00101100 00100000  argv, 
00000210: 01101001 01101110 01110100 00100000 00101010 01100010  int *b
00000216: 01101001 01110100 01110011 00101001 00100000 01111011  its) {
0000021c: 00001010 00100000 00100000 01101001 01100110 00100000  .  if 
00000222: 00101000 01100001 01110010 01100111 01100011 00100000  (argc 
00000228: 00111110 00100000 00110010 00101001 00100000 01111011  > 2) {
0000022e: 00001010 00100000 00100000 00100000 00100000 01110000  .    p
00000234: 01110010 01101001 01101110 01110100 01100110 00101000  rintf(
0000023a: 00100010 01010101 01110011 01100001 01100111 01100101  "Usage
00000240: 00111010 00100000 00100101 01110011 00100000 01011011  : %s [
00000246: 00101101 01100010 01111100 00101101 01100010 01101001  -b|-bi
0000024c: 01110100 01110011 01011101 01011100 01101110 00100010  ts]\n"
00000252: 00101100 00100000 01100001 01110010 01100111 01110110  , argv
00000258: 01011011 00110000 01011101 00101001 00111011 00001010  [0]);.
0000025e: 00100000 00100000 00100000 00100000 01100101 01111000      ex
00000264: 01101001 01110100 00101000 01000010 01000001 01000100  it(BAD
0000026a: 01011111 01001110 01010101 01001101 01000010 01000101  _NUMBE
00000270: 01010010 01011111 01000001 01010010 01000111 01010011  R_ARGS
00000276: 00101001 00111011 00001010 00100000 00100000 01111101  );.  }
0000027c: 00001010 00001010 00100000 00100000 01101001 01100110  ..  if
00000282: 00100000 00101000 01100001 01110010 01100111 01100011   (argc
00000288: 00100000 00111101 00111101 00100000 00110010 00100000   == 2 
0000028e: 00100110 00100110 00001010 00100000 00100000 00100000  &&.   
00000294: 00100000 00100000 00100000 00101000 01110011 01110100     (st
0000029a: 01110010 01100011 01101101 01110000 00101000 01100001  rcmp(a
000002a0: 01110010 01100111 01110110 01011011 00110001 01011101  rgv[1]
000002a6: 00101100 00100000 00100010 00101101 01100010 00100010  , "-b"
000002ac: 00101001 00100000 00111101 00111101 00100000 00110000  ) == 0
000002b2: 00100000 01111100 01111100 00100000 01110011 01110100   || st
000002b8: 01110010 01100011 01101101 01110000 00101000 01100001  rcmp(a
000002be: 01110010 01100111 01110110 01011011 00110001 01011101  rgv[1]
000002c4: 00101100 00100000 00100010 00101101 01100010 01101001  , "-bi
000002ca: 01110100 01110011 00100010 00101001 00100000 00111101  ts") =
000002d0: 00111101 00100000 00110000 00101001 00101001 00100000  = 0)) 
000002d6: 01111011 00001010 00100000 00100000 00100000 00100000  {.    
000002dc: 00101010 01100010 01101001 01110100 01110011 00100000  *bits 
000002e2: 00111101 00100000 01010100 01010010 01010101 01000101  = TRUE
000002e8: 00111011 00001010 00100000 00100000 01111101 00100000  ;.  } 
000002ee: 01100101 01101100 01110011 01100101 00100000 01111011  else {
000002f4: 00001010 00100000 00100000 00100000 00100000 00101010  .    *
000002fa: 01100010 01101001 01110100 01110011 00100000 00111101  bits =
00000300: 00100000 01000110 01000001 01001100 01010011 01000101   FALSE
00000306: 00111011 00001010 00100000 00100000 01111101 00001010  ;.  }.
0000030c: 00001010 00100000 00100000 01110010 01100101 01110100  .  ret
00000312: 01110101 01110010 01101110 00100000 01110011 01110100  urn st
00000318: 01100100 01101001 01101110 00111011 00001010 01111101  din;.}
0000031e: 00001010 00001010 00101111 00101010 00101010 00001010  ../**.
00000324: 00100000 00101010 00100000 01010111 01110010 01101001   * Wri
0000032a: 01110100 01100101 01110011 00100000 01100100 01100001  tes da
00000330: 01110100 01100001 00100000 01110100 01101111 00100000  ta to 
00000336: 01110011 01110100 01100100 01101111 01110101 01110100  stdout
0000033c: 00100000 01101001 01101110 00100000 01101000 01100101   in he
00000342: 01111000 01100001 01100100 01100101 01100011 01101001  xadeci
00000348: 01101101 01100001 01101100 00101110 00001010 00100000  mal.. 
0000034e: 00101010 00001010 00100000 00101010 00100000 01010011  *. * S
00000354: 01100101 01100101 00100000 01101101 01111001 01111000  ee myx
0000035a: 01111000 01100100 00101110 01101101 01100100 00100000  xd.md 
00000360: 01100110 01101111 01110010 00100000 01100100 01100101  for de
00000366: 01110100 01100001 01101001 01101100 01110011 00101110  tails.
0000036c: 00001010 00100000 00101010 00001010 00100000 00101010  . *. *
00000372: 00100000 01100100 01100001 01110100 01100001 00111010   data:
00000378: 00100000 01100001 01101110 00100000 01100001 01110010   an ar
0000037e: 01110010 01100001 01111001 00100000 01101111 01100110  ray of
00000384: 00100000 01101110 01101111 00100000 01101101 01101111   no mo
0000038a: 01110010 01100101 00100000 01110100 01101000 01100001  re tha
00000390: 01101110 00100000 00110001 00110110 00100000 01100011  n 16 c
00000396: 01101000 01100001 01110010 01100001 01100011 01110100  haract
0000039c: 01100101 01110010 01110011 00001010 00100000 00101010  ers. *
000003a2: 00100000 01110011 01101001 01111010 01100101 00111010   size:
000003a8: 00100000 01110100 01101000 01100101 00100000 01110011   the s
000003ae: 01101001 01111010 01100101 00100000 01101111 01100110  ize of
000003b4: 00100000 01110100 01101000 01100101 00100000 01100001   the a
000003ba: 01110010 01110010 01100001 01111001 00001010 00100000  rray. 
000003c0: 00101010 00101010 00101111 00001010 01110110 01101111  **/.vo
000003c6: 01101001 01100100 00100000 01110000 01110010 01101001  id pri
000003cc: 01101110 01110100 01000100 01100001 01110100 01100001  ntData
000003d2: 01000001 01110011 01001000 01100101 01111000 00101000  AsHex(
000003d8: 01110101 01101110 01110011 01101001 01100111 01101110  unsign
000003de: 01100101 01100100 00100000 01100011 01101000 01100001  ed cha
000003e4: 01110010 00100000 00101010 01100100 01100001 01110100  r *dat
000003ea: 01100001 00101100 00100000 01110011 01101001 01111010  a, siz
000003f0: 01100101 01011111 01110100 00100000 01110011 01101001  e_t si
000003f6: 01111010 01100101 00101001 00100000 01111011 00001010  ze) {.
000003fc: 00100000 00100000 00100000 01110000 01110010 01101001     pri
00000402: 01101110 01110100 01100110 00101000 00100010 00100000  ntf(" 
00000408: 00100010 00101001 00111011 00001010 00100000 00100000  ");.  
0000040e: 00100000 01100110 01101111 01110010 00100000 00101000   for (
00000414: 01110101 01101110 01110011 01101001 01100111 01101110  unsign
0000041a: 01100101 01100100 00100000 01101001 00100000 00111101  ed i =
00000420: 00100000 00110000 00111011 00100000 01101001 00100000   0; i 
00000426: 00111100 00100000 00110001 00110110 00111011 00100000  < 16; 
0000042c: 00101011 00101011 01101001 00101001 01111011 00001010  ++i){.
00000432: 00001001 01101001 01100110 00100000 00101000 01110011  .if (s
00000438: 01101001 01111010 01100101 00100000 00111110 00100000  ize > 
0000043e: 01101001 00101001 00100000 01110000 01110010 01101001  i) pri
00000444: 01101110 01110100 01100110 00101000 00100010 00100101  ntf("%
0000044a: 00110000 00110010 01111000 00100010 00101100 00100000  02x", 
00000450: 01100100 01100001 01110100 01100001 01011011 01101001  data[i
00000456: 01011101 00101001 00111011 00001010 00001001 01100101  ]);..e
0000045c: 01101100 01110011 01100101 00100000 01101001 01100110  lse if
00000462: 00100000 00101000 01110011 01101001 01111010 01100101   (size
00000468: 00100000 00111100 00111101 00100000 01101001 00101001   <= i)
0000046e: 00100000 01110000 01110010 01101001 01101110 01110100   print
00000474: 01100110 00101000 00100010 00100000 00100000 00100010  f("  "
0000047a: 00101001 00111011 00001010 00001001 01101001 01100110  );..if
00000480: 00101000 00101000 00101000 01101001 00100000 00101011  (((i +
00000486: 00100000 00110001 00101001 00100000 00100101 00100000   1) % 
0000048c: 00110010 00100000 00111101 00111101 00100000 00110000  2 == 0
00000492: 00101001 00100000 00100110 00100110 00100000 00100001  ) && !
00000498: 00101000 00101000 01101001 00100000 00101011 00100000  ((i + 
0000049e: 00110001 00101001 00100000 00100101 00100000 00110001  1) % 1
000004a4: 00110110 00100000 00111101 00111101 00100000 00110000  6 == 0
000004aa: 00101001 00101001 00100000 01110000 01110010 01101001  )) pri
000004b0: 01101110 01110100 01100110 00101000 00100010 00100000  ntf(" 
000004b6: 00100010 00101001 00111011 00001010 00100000 00100000  ");.  
000004bc: 00100000 01111101 00001010 01111101 00001010 00001010   }.}..
000004c2: 00101111 00101010 00101010 00001010 00100000 00101010  /**. *
000004c8: 00100000 01010111 01110010 01101001 01110100 01100101   Write
000004ce: 01110011 00100000 01100100 01100001 01110100 01100001  s data
000004d4: 00100000 01110100 01101111 00100000 01110011 01110100   to st
000004da: 01100100 01101111 01110101 01110100 00100000 01100001  dout a
000004e0: 01110011 00100000 01100011 01101000 01100001 01110010  s char
000004e6: 01100001 01100011 01110100 01100101 01110010 01110011  acters
000004ec: 00101110 00001010 00100000 00101010 00001010 00100000  .. *. 
000004f2: 00101010 00100000 01010011 01100101 01100101 00100000  * See 
000004f8: 01101101 01111001 01111000 01111000 01100100 00101110  myxxd.
000004fe: 01101101 01100100 00100000 01100110 01101111 01110010  md for
00000504: 00100000 01100100 01100101 01110100 01100001 01101001   detai
0000050a: 01101100 01110011 00101110 00001010 00100000 00101010  ls.. *
00000510: 00001010 00100000 00101010 00100000 01100100 01100001  . * da
00000516: 01110100 01100001 00111010 00100000 01100001 01101110  ta: an
0000051c: 00100000 01100001 01110010 01110010 01100001 01111001   array
00000522: 00100000 01101111 01100110 00100000 01101110 01101111   of no
00000528: 00100000 01101101 01101111 01110010 01100101 00100000   more 
0000052e: 01110100 01101000 01100001 01101110 00100000 00110001  than 1
00000534: 00110110 00100000 01100011 01101000 01100001 01110010  6 char
0000053a: 01100001 01100011 01110100 01100101 01110010 01110011  acters
00000540: 00001010 00100000 00101010 00100000 01110011 01101001  . * si
00000546: 01111010 01100101 00111010 00100000 01110100 01101000  ze: th
0000054c: 01100101 00100000 01110011 01101001 01111010 01100101  e size
00000552: 00100000 01101111 01100110 00100000 01110100 01101000   of th
00000558: 01100101 00100000 01100001 01110010 01110010 01100001  e arra
0000055e: 01111001 00001010 00100000 00101010 00101010 00101111  y. **/
00000564: 00001010 01110110 01101111 01101001 01100100 00100000  .void 
0000056a: 01110000 01110010 01101001 01101110 01110100 01000100  printD
00000570: 01100001 01110100 01100001 01000001 01110011 01000011  ataAsC
00000576: 01101000 01100001 01110010 01110011 00101000 01110101  hars(u
0000057c: 01101110 01110011 01101001 01100111 01101110 01100101  nsigne
00000582: 01100100 00100000 01100011 01101000 01100001 01110010  d char
00000588: 00100000 00101010 01100100 01100001 01110100 01100001   *data
0000058e: 00101100 00100000 01110011 01101001 01111010 01100101  , size
00000594: 01011111 01110100 00100000 01110011 01101001 01111010  _t siz
0000059a: 01100101 00101001 00100000 01111011 00001010 00100000  e) {. 
000005a0: 00100000 00100000 01100110 01101111 01110010 00100000    for 
000005a6: 00101000 01110101 01101110 01110011 01101001 01100111  (unsig
000005ac: 01101110 01100101 01100100 00100000 01101001 00100000  ned i 
000005b2: 00111101 00100000 00110000 00111011 00100000 01101001  = 0; i
000005b8: 00100000 00111100 00100000 01110011 01101001 01111010   < siz
000005be: 01100101 00111011 00100000 00101011 00101011 01101001  e; ++i
000005c4: 00101001 01111011 00001010 00100000 00100000 00100000  ){.   
000005ca: 00100000 00100000 00100000 00100000 00100000 01101001       i
000005d0: 01100110 00101000 01100100 01100001 01110100 01100001  f(data
000005d6: 01011011 01101001 01011101 00100000 00111100 00100000  [i] < 
000005dc: 00110011 00110010 00100000 01111100 01111100 00100000  32 || 
000005e2: 01100100 01100001 01110100 01100001 01011011 01101001  data[i
000005e8: 01011101 00100000 00111110 00100000 00110001 00110010  ] > 12
000005ee: 00110110 00101001 00100000 01110000 01110010 01101001  6) pri
000005f4: 01101110 01110100 01100110 00101000 00100010 00101110  ntf(".
000005fa: 00100010 00101001 00111011 00001010 00001001 01100101  ");..e
00000600: 01101100 01110011 01100101 00100000 01110000 01110010  lse pr
00000606: 01101001 01101110 01110100 01100110 00101000 00100010  intf("
0000060c: 00100101 01100011 00100010 00101100 00100000 01100100  %c", d
00000612: 01100001 01110100 01100001 01011011 01101001 01011101  ata[i]
00000618: 00101001 00111011 00001010 00100000 00100000 00100000  );.   
0000061e: 01111101 00001010 00001010 00001010 01111101 00001010  }...}.
00000624: 00001010 01110110 01101111 01101001 01100100 00100000  .void 
0000062a: 01110010 01100101 01100001 01100100 01000001 01101110  readAn
00000630: 01100100 01010000 01110010 01101001 01101110 01110100  dPrint
00000636: 01001001 01101110 01110000 01110101 01110100 01000001  InputA
0000063c: 01110011 01001000 01100101 01111000 00101000 01000110  sHex(F
00000642: 01001001 01001100 01000101 00100000 00101010 01101001  ILE *i
00000648: 01101110 01110000 01110101 01110100 00101001 00100000  nput) 
0000064e: 01111011 00001010 00100000 00100000 01110101 01101110  {.  un
00000654: 01110011 01101001 01100111 01101110 01100101 01100100  signed
0000065a: 00100000 01100011 01101000 01100001 01110010 00100000   char 
00000660: 01100100 01100001 01110100 01100001 01011011 00110001  data[1
00000666: 00110110 01011101 00111011 00001010 00100000 00100000  6];.  
0000066c: 01101001 01101110 01110100 00100000 01101110 01110101  int nu
00000672: 01101101 01000010 01111001 01110100 01100101 01110011  mBytes
00000678: 01010010 01100101 01100001 01100100 00100000 00111101  Read =
0000067e: 00100000 01100110 01110010 01100101 01100001 01100100   fread
00000684: 00101000 01100100 01100001 01110100 01100001 00101100  (data,
0000068a: 00100000 00110001 00101100 00100000 00110001 00110110   1, 16
00000690: 00101100 00100000 01101001 01101110 01110000 01110101  , inpu
00000696: 01110100 00101001 00111011 00001010 00100000 00100000  t);.  
0000069c: 01110101 01101110 01110011 01101001 01100111 01101110  unsign
000006a2: 01100101 01100100 00100000 01101001 01101110 01110100  ed int
000006a8: 00100000 01101111 01100110 01100110 01110011 01100101   offse
000006ae: 01110100 00100000 00111101 00100000 00110000 00111011  t = 0;
000006b4: 00001010 00100000 00100000 01110111 01101000 01101001  .  whi
000006ba: 01101100 01100101 00100000 00101000 01101110 01110101  le (nu
000006c0: 01101101 01000010 01111001 01110100 01100101 01110011  mBytes
000006c6: 01010010 01100101 01100001 01100100 00100000 00100001  Read !
000006cc: 00111101 00100000 00110000 00101001 00100000 01111011  = 0) {
000006d2: 00001010 00100000 00100000 00100000 00100000 01110000  .    p
000006d8: 01110010 01101001 01101110 01110100 01100110 00101000  rintf(
000006de: 00100010 00100101 00110000 00111000 01111000 00111010  "%08x:
000006e4: 00100010 00101100 00100000 01101111 01100110 01100110  ", off
000006ea: 01110011 01100101 01110100 00101001 00111011 00001010  set);.
000006f0: 00100000 00100000 00100000 00100000 01101111 01100110      of
000006f6: 01100110 01110011 01100101 01110100 00100000 00101011  fset +
000006fc: 00111101 00100000 01101110 01110101 01101101 01000010  = numB
00000702: 01111001 01110100 01100101 01110011 01010010 01100101  ytesRe
00000708: 01100001 01100100 00111011 00001010 00100000 00100000  ad;.  
0000070e: 00100000 00100000 01110000 01110010 01101001 01101110    prin
00000714: 01110100 01000100 01100001 01110100 01100001 01000001  tDataA
0000071a: 01110011 01001000 01100101 01111000 00101000 01100100  sHex(d
00000720: 01100001 01110100 01100001 00101100 00100000 01101110  ata, n
00000726: 01110101 01101101 01000010 01111001 01110100 01100101  umByte
0000072c: 01110011 01010010 01100101 01100001 01100100 00101001  sRead)
00000732: 00111011 00001010 00100000 00100000 00100000 00100000  ;.    
00000738: 01110000 01110010 01101001 01101110 01110100 01100110  printf
0000073e: 00101000 00100010 00100000 00100000 00100010 00101001  ("  ")
00000744: 00111011 00001010 00100000 00100000 00100000 00100000  ;.    
0000074a: 01110000 01110010 01101001 01101110 01110100 01000100  printD
00000750: 01100001 01110100 01100001 01000001 01110011 01000011  ataAsC
00000756: 01101000 01100001 01110010 01110011 00101000 01100100  hars(d
0000075c: 01100001 01110100 01100001 00101100 00100000 01101110  ata, n
00000762: 01110101 01101101 01000010 01111001 01110100 01100101  umByte
00000768: 01110011 01010010 01100101 01100001 01100100 00101001  sRead)
0000076e: 00111011 00001010 00100000 00100000 00100000 00100000  ;.    
00000774: 01110000 01110010 01101001 01101110 01110100 01100110  printf
0000077a: 00101000 00100010 01011100 01101110 00100010 00101001  ("\n")
00000780: 00111011 00001010 00100000 00100000 00100000 00100000  ;.    
00000786: 01101110 01110101 01101101 01000010 01111001 01110100  numByt
0000078c: 01100101 01110011 01010010 01100101 01100001 01100100  esRead
00000792: 00100000 00111101 00100000 01100110 01110010 01100101   = fre
00000798: 01100001 01100100 00101000 01100100 01100001 01110100  ad(dat
0000079e: 01100001 00101100 00100000 00110001 00101100 00100000  a, 1, 
000007a4: 00110001 00110110 00101100 00100000 01101001 01101110  16, in
000007aa: 01110000 01110101 01110100 00101001 00111011 00001010  put);.
000007b0: 00100000 00100000 01111101 00001010 01111101 00001010    }.}.
000007b6: 00001010 01110110 01101111 01101001 01100100 00100000  .void 
000007bc: 01110000 01110010 01101001 01101110 01110100 01000100  printD
000007c2: 01100001 01110100 01100001 01000001 01110011 01000011  ataAsC
000007c8: 01101000 01100001 01110010 01110011 01000110 01101111  harsFo
000007ce: 01110010 01000010 01101001 01101110 01100001 01110010  rBinar
000007d4: 01111001 00101000 01110101 01101110 01110011 01101001  y(unsi
000007da: 01100111 01101110 01100101 01100100 00100000 01100011  gned c
000007e0: 01101000 01100001 01110010 00100000 00101010 01100100  har *d
000007e6: 01100001 01110100 01100001 00101100 00100000 01110011  ata, s
000007ec: 01101001 01111010 01100101 01011111 01110100 00100000  ize_t 
000007f2: 01110011 01101001 01111010 01100101 00101001 00100000  size) 
000007f8: 01111011 00001010 00100000 00100000 00100000 01100110  {.   f
000007fe: 01101111 01110010 00100000 00101000 01110101 01101110  or (un
00000804: 01110011 01101001 01100111 01101110 01100101 01100100  signed
0000080a: 00100000 01101001 00100000 00111101 00100000 00110000   i = 0
00000810: 00111011 00100000 01101001 00100000 00111100 00100000  ; i < 
00000816: 01110011 01101001 01111010 01100101 00111011 00100000  size; 
0000081c: 00101011 00101011 01101001 00101001 01111011 00001010  ++i){.
00000822: 00100000 00100000 00100000 00100000 00100000 00100000        
00000828: 00100000 00100000 01101001 01100110 00101000 01100100    if(d
0000082e: 01100001 01110100 01100001 01011011 01101001 01011101  ata[i]
00000834: 00100000 00111100 00100000 00110011 00110010 00100000   < 32 
0000083a: 01111100 01111100 00100000 01100100 01100001 01110100  || dat
00000840: 01100001 01011011 01101001 01011101 00100000 00111110  a[i] >
00000846: 00100000 00110001 00110010 00110110 00101001 00100000   126) 
0000084c: 01110000 01110010 01101001 01101110 01110100 01100110  printf
00000852: 00101000 00100010 00101110 00100010 00101001 00111011  (".");
00000858: 00001010 00100000 00100000 00100000 00100000 00100000  .     
0000085e: 00100000 00100000 00100000 01100101 01101100 01110011     els
00000864: 01100101 00100000 01110000 01110010 01101001 01101110  e prin
0000086a: 01110100 01100110 00101000 00100010 00100101 01100011  tf("%c
00000870: 00100010 00101100 00100000 01100100 01100001 01110100  ", dat
00000876: 01100001 01011011 01101001 01011101 00101001 00111011  a[i]);
0000087c: 00001010 00100000 00100000 00100000 01111101 00001010  .   }.
00000882: 01111101 00001010 00001010 01110110 01101111 01101001  }..voi
00000888: 01100100 00100000 01110000 01110010 01101001 01101110  d prin
0000088e: 01110100 01000100 01100001 01110100 01100001 01000001  tDataA
00000894: 01110011 01000010 01101001 01110100 01110011 00101000  sBits(
0000089a: 01110101 01101110 01110011 01101001 01100111 01101110  unsign
000008a0: 01100101 01100100 00100000 01100011 01101000 01100001  ed cha
000008a6: 01110010 00100000 00101010 01100100 01100001 01110100  r *dat
000008ac: 01100001 00101100 00100000 01110011 01101001 01111010  a, siz
000008b2: 01100101 01011111 01110100 00100000 01110011 01101001  e_t si
000008b8: 01111010 01100101 00101001 01111011 00001010 00100000  ze){. 
000008be: 00100000 00100000 01110000 01110010 01101001 01101110    prin
000008c4: 01110100 01100110 00101000 00100010 00100000 00100010  tf(" "
000008ca: 00101001 00111011 00001010 00100000 00100000 00100000  );.   
000008d0: 01100110 01101111 01110010 00100000 00101000 01110101  for (u
000008d6: 01101110 01110011 01101001 01100111 01101110 01100101  nsigne
000008dc: 01100100 00100000 01101001 00100000 00111101 00100000  d i = 
000008e2: 00110000 00111011 00100000 01101001 00100000 00111100  0; i <
000008e8: 00100000 00110110 00111011 00100000 00101011 00101011   6; ++
000008ee: 01101001 00101001 01111011 00001010 00001001 01101001  i){..i
000008f4: 01100110 00100000 00101000 01110011 01101001 01111010  f (siz
000008fa: 01100101 00100000 00111110 00100000 01101001 00101001  e > i)
00000900: 00100000 01111011 00001010 00001001 00100000 00100000   {..  
00000906: 00100000 01100011 01101000 01100001 01110010 00100000   char 
0000090c: 01111000 00100000 00111101 00100000 01100100 01100001  x = da
00000912: 01110100 01100001 01011011 01101001 01011101 00111011  ta[i];
00000918: 00001010 00100000 00100000 00100000 00001001 00100000  .   . 
0000091e: 00100000 00100000 01100011 01101000 01100001 01110010    char
00000924: 00100000 01100010 01101001 01110100 01110011 01011011   bits[
0000092a: 00111000 01011101 00111011 00001001 00100000 00100000  8];.  
00000930: 00100000 00001010 00001001 00100000 00100000 00100000   ..   
00000936: 01100110 01101111 01110010 00100000 00101000 01110101  for (u
0000093c: 01101110 01110011 01101001 01100111 01101110 01100101  nsigne
00000942: 01100100 00100000 01101010 00100000 00111101 00100000  d j = 
00000948: 00110000 00111011 00100000 01101010 00100000 00111100  0; j <
0000094e: 00100000 00111000 00111011 00100000 00101011 00101011   8; ++
00000954: 01101010 00101001 01111011 00001010 00001001 00001001  j){...
0000095a: 01101001 01100110 00100000 00101000 01111000 00100000  if (x 
00000960: 00100101 00100000 00110010 00100000 00111101 00111101  % 2 ==
00000966: 00100000 00110001 00101001 01111011 00001010 00001001   1){..
0000096c: 00001001 00100000 00100000 00100000 01100010 01101001  .   bi
00000972: 01110100 01110011 01011011 01101010 01011101 00100000  ts[j] 
00000978: 00111101 00100000 00110001 00111011 00001010 00001001  = 1;..
0000097e: 00001001 01111101 00001010 00001001 00001001 01100101  .}...e
00000984: 01101100 01110011 01100101 00100000 01111011 00001010  lse {.
0000098a: 00001001 00001001 00100000 00100000 00100000 01100010  ..   b
00000990: 01101001 01110100 01110011 01011011 01101010 01011101  its[j]
00000996: 00100000 00111101 00100000 00110000 00111011 00001010   = 0;.
0000099c: 00001001 00001001 01111101 00001010 00001001 00001001  ..}...
000009a2: 01111000 00100000 00101111 00111101 00100000 00110010  x /= 2
000009a8: 00111011 00001010 00001001 00100000 00100000 00100000  ;..   
000009ae: 01111101 00001010 00001001 00100000 00100000 00100000  }..   
000009b4: 01100110 01101111 01110010 00100000 00101000 01110101  for (u
000009ba: 01101110 01110011 01101001 01100111 01101110 01100101  nsigne
000009c0: 01100100 00100000 01101010 00100000 00111101 00100000  d j = 
000009c6: 00110000 00111011 00100000 01101010 00100000 00111100  0; j <
000009cc: 00100000 00111000 00111011 00100000 00101011 00101011   8; ++
000009d2: 01101010 00101001 01111011 00001010 00001001 00001001  j){...
000009d8: 01110000 01110010 01101001 01101110 01110100 01100110  printf
000009de: 00101000 00100010 00100101 01100100 00100010 00101100  ("%d",
000009e4: 00100000 01100010 01101001 01110100 01110011 01011011   bits[
000009ea: 00110111 00100000 00101101 00100000 01101010 01011101  7 - j]
000009f0: 00101001 00111011 00001010 00001001 00100000 00100000  );..  
000009f6: 00100000 01111101 00001010 00001001 01111101 00001010   }..}.
000009fc: 00001001 01101001 01100110 00101000 00100001 00101000  .if(!(
00000a02: 00101000 01101001 00100000 00101011 00100000 00110001  (i + 1
00000a08: 00101001 00100000 00100101 00100000 00110110 00100000  ) % 6 
00000a0e: 00111101 00111101 00100000 00110000 00101001 00101001  == 0))
00000a14: 00100000 01110000 01110010 01101001 01101110 01110100   print
00000a1a: 01100110 00101000 00100010 00100000 00100010 00101001  f(" ")
00000a20: 00111011 00001010 00100000 00100000 00100000 00100000  ;.    
00000a26: 00100000 00100000 00100000 00100000 01101001 01100110      if
00000a2c: 00100000 00101000 01110011 01101001 01111010 01100101   (size
00000a32: 00100000 00111100 00111101 00100000 01101001 00101001   <= i)
00000a38: 00100000 01110000 01110010 01101001 01101110 01110100   print
00000a3e: 01100110 00101000 00100010 00100000 00100000 00100000  f("   
00000a44: 00100000 00100000 00100000 00100000 00100000 00100010       "
00000a4a: 00101001 00111011 00100000 00101111 00101111 00111000  ); //8
00000a50: 00100000 01110011 01110000 01100001 01100011 01100101   space
00000a56: 01110011 00100000 01100110 01101111 01110010 00100000  s for 
00000a5c: 00111000 00100000 01100010 01101001 01110100 01110011  8 bits
00000a62: 00001010 00100000 00100000 00100000 01111101 00100000  .   } 
00000a68: 00100000 00100000 00001010 00100000 00100000 00100000    .   
00000a6e: 00001010 00001010 01111101 00100000 00100000 00100000  ..}   
00000a74: 00001010 00101111 00101010 00101010 00001010 00100000  ./**. 
00000a7a: 00101010 00100000 01000010 01101001 01110100 01110011  * Bits
00000a80: 00100000 01101111 01110101 01110100 01110000 01110101   outpu
00000a86: 01110100 00100000 01100110 01101111 01110010 00100000  t for 
00000a8c: 01111000 01111000 01100100 00101110 00001010 00100000  xxd.. 
00000a92: 00101010 00001010 00100000 00101010 00100000 01010011  *. * S
00000a98: 01100101 01100101 00100000 01101101 01111001 01111000  ee myx
00000a9e: 01111000 01100100 00101110 01101101 01100100 00100000  xd.md 
00000aa4: 01100110 01101111 01110010 00100000 01100100 01100101  for de
00000aaa: 01110100 01100001 01101001 01101100 01110011 00101110  tails.
00000ab0: 00001010 00100000 00101010 00001010 00100000 00101010  . *. *
00000ab6: 00100000 01101001 01101110 01110000 01110101 01110100   input
00000abc: 00111010 00100000 01101001 01101110 01110000 01110101  : inpu
00000ac2: 01110100 00100000 01110011 01110100 01110010 01100101  t stre
00000ac8: 01100001 01101101 00001010 00100000 00101010 00101010  am. **
00000ace: 00101111 00001010 01110110 01101111 01101001 01100100  /.void
00000ad4: 00100000 01110010 01100101 01100001 01100100 01000001   readA
00000ada: 01101110 01100100 01010000 01110010 01101001 01101110  ndPrin
00000ae0: 01110100 01001001 01101110 01110000 01110101 01110100  tInput
00000ae6: 01000001 01110011 01000010 01101001 01110100 01110011  AsBits
00000aec: 00101000 01000110 01001001 01001100 01000101 00100000  (FILE 
00000af2: 00101010 01101001 01101110 01110000 01110101 01110100  *input
00000af8: 00101001 00100000 01111011 00001010 00100000 00100000  ) {.  
00000afe: 00100000 00001010 00100000 00100000 00100000 01110101   .   u
00000b04: 01101110 01110011 01101001 01100111 01101110 01100101  nsigne
00000b0a: 01100100 00100000 01100011 01101000 01100001 01110010  d char
00000b10: 00100000 01100100 01100001 01110100 01100001 01011011   data[
00000b16: 00110110 01011101 00111011 00001010 00100000 00100000  6];.  
00000b1c: 00100000 01101001 01101110 01110100 00100000 01101110   int n
00000b22: 01110101 01101101 01000010 01111001 01110100 01100101  umByte
00000b28: 01110011 01010010 01100101 01100001 01100100 00100000  sRead 
00000b2e: 00111101 00100000 01100110 01110010 01100101 01100001  = frea
00000b34: 01100100 00101000 01100100 01100001 01110100 01100001  d(data
00000b3a: 00101100 00100000 00110001 00101100 00100000 00110110  , 1, 6
00000b40: 00101100 00100000 01101001 01101110 01110000 01110101  , inpu
00000b46: 01110100 00101001 00111011 00001010 00100000 00100000  t);.  
00000b4c: 00100000 01110101 01101110 01110011 01101001 01100111   unsig
00000b52: 01101110 01100101 01100100 00100000 01101001 01101110  ned in
00000b58: 01110100 00100000 01101111 01100110 01100110 01110011  t offs
00000b5e: 01100101 01110100 00100000 00111101 00100000 00110000  et = 0
00000b64: 00111011 00001010 00100000 00100000 00100000 01110111  ;.   w
00000b6a: 01101000 01101001 01101100 01100101 00100000 00101000  hile (
00000b70: 01101110 01110101 01101101 01000010 01111001 01110100  numByt
00000b76: 01100101 01110011 01010010 01100101 01100001 01100100  esRead
00000b7c: 00100000 00100001 00111101 00100000 00110000 00101001   != 0)
00000b82: 00100000 01111011 00001010 00100000 00100000 00100000   {.   
00000b88: 00100000 00100000 00100000 01110000 01110010 01101001     pri
00000b8e: 01101110 01110100 01100110 00101000 00100010 00100101  ntf("%
00000b94: 00110000 00111000 01111000 00111010 00100010 00101100  08x:",
00000b9a: 00100000 01101111 01100110 01100110 01110011 01100101   offse
00000ba0: 01110100 00101001 00111011 00001010 00100000 00100000  t);.  
00000ba6: 00100000 00100000 00100000 00100000 01101111 01100110      of
00000bac: 01100110 01110011 01100101 01110100 00100000 00101011  fset +
00000bb2: 00111101 00100000 01101110 01110101 01101101 01000010  = numB
00000bb8: 01111001 01110100 01100101 01110011 01010010 01100101  ytesRe
00000bbe: 01100001 01100100 00111011 00001010 00100000 00100000  ad;.  
00000bc4: 00100000 00100000 00100000 00100000 01110000 01110010      pr
00000bca: 01101001 01101110 01110100 01000100 01100001 01110100  intDat
00000bd0: 01100001 01000001 01110011 01000010 01101001 01110100  aAsBit
00000bd6: 01110011 00101000 01100100 01100001 01110100 01100001  s(data
00000bdc: 00101100 00100000 01101110 01110101 01101101 01000010  , numB
00000be2: 01111001 01110100 01100101 01110011 01010010 01100101  ytesRe
00000be8: 01100001 01100100 00101001 00111011 00001010 00100000  ad);. 
00000bee: 00100000 00100000 00100000 00100000 00100000 01110000       p
00000bf4: 01110010 01101001 01101110 01110100 01100110 00101000  rintf(
00000bfa: 00100010 00100000 00100000 00100010 00101001 00111011  "  ");
00000c00: 00001010 00100000 00100000 00100000 00100000 00100000  .     
00000c06: 00100000 01110000 01110010 01101001 01101110 01110100   print
00000c0c: 01000100 01100001 01110100 01100001 01000001 01110011  DataAs
00000c12: 01000011 01101000 01100001 01110010 01110011 01000110  CharsF
00000c18: 01101111 01110010 01000010 01101001 01101110 01100001  orBina
00000c1e: 01110010 01111001 00101000 01100100 01100001 01110100  ry(dat
00000c24: 01100001 00101100 00100000 01101110 01110101 01101101  a, num
00000c2a: 01000010 01111001 01110100 01100101 01110011 01010010  BytesR
00000c30: 01100101 01100001 01100100 00101001 00111011 00001010  ead);.
00000c36: 00100000 00100000 00100000 00100000 00100000 00100000        
00000c3c: 01110000 01110010 01101001 01101110 01110100 01100110  printf
00000c42: 00101000 00100010 01011100 01101110 00100010 00101001  ("\n")
00000c48: 00111011 00001010 00100000 00100000 00100000 00100000  ;.    
00000c4e: 00100000 00100000 01101110 01110101 01101101 01000010    numB
00000c54: 01111001 01110100 01100101 01110011 01010010 01100101  ytesRe
00000c5a: 01100001 01100100 00100000 00111101 00100000 01100110  ad = f
00000c60: 01110010 01100101 01100001 01100100 00101000 01100100  read(d
00000c66: 01100001 01110100 01100001 00101100 00100000 00110001  ata, 1
00000c6c: 00101100 00100000 00110110 00101100 00100000 01101001  , 6, i
00000c72: 01101110 01110000 01110101 01110100 00101001 00111011  nput);
00000c78: 00001010 00100000 00100000 00100000 01111101 00001010  .   }.
00000c7e: 00001010 01111101 00001010 00001010 00001010 01101001  .}...i
00000c84: 01101110 01110100 00100000 01101101 01100001 01101001  nt mai
00000c8a: 01101110 00101000 01101001 01101110 01110100 00100000  n(int 
00000c90: 01100001 01110010 01100111 01100011 00101100 00100000  argc, 
00000c96: 01100011 01101000 01100001 01110010 00100000 00101010  char *
00000c9c: 00101010 01100001 01110010 01100111 01110110 00101001  *argv)
00000ca2: 00100000 01111011 00001010 00100000 00100000 01101001   {.  i
00000ca8: 01101110 01110100 00100000 01100010 01101001 01110100  nt bit
00000cae: 01110011 00100000 00111101 00100000 01000110 01000001  s = FA
00000cb4: 01001100 01010011 01000101 00111011 00001010 00100000  LSE;. 
00000cba: 00100000 01000110 01001001 01001100 01000101 00100000   FILE 
00000cc0: 00101010 01101001 01101110 01110000 01110101 01110100  *input
00000cc6: 00100000 00111101 00100000 01110000 01100001 01110010   = par
00000ccc: 01110011 01100101 01000011 01101111 01101101 01101101  seComm
00000cd2: 01100001 01101110 01100100 01001100 01101001 01101110  andLin
00000cd8: 01100101 00101000 01100001 01110010 01100111 01100011  e(argc
00000cde: 00101100 00100000 01100001 01110010 01100111 01110110  , argv
00000ce4: 00101100 00100000 00100110 01100010 01101001 01110100  , &bit
00000cea: 01110011 00101001 00111011 00001010 00001010 00100000  s);.. 
00000cf0: 00100000 01101001 01100110 00100000 00101000 01100010   if (b
00000cf6: 01101001 01110100 01110011 00100000 00111101 00111101  its ==
00000cfc: 00100000 01000110 01000001 01001100 01010011 01000101   FALSE
00000d02: 00101001 00100000 01111011 00001010 00100000 00100000  ) {.  
00000d08: 00100000 00100000 01110010 01100101 01100001 01100100    read
00000d0e: 01000001 01101110 01100100 01010000 01110010 01101001  AndPri
00000d14: 01101110 01110100 01001001 01101110 01110000 01110101  ntInpu
00000d1a: 01110100 01000001 01110011 01001000 01100101 01111000  tAsHex
00000d20: 00101000 01101001 01101110 01110000 01110101 01110100  (input
00000d26: 00101001 00111011 00001010 00100000 00100000 01111101  );.  }
00000d2c: 00100000 01100101 01101100 01110011 01100101 00100000   else 
00000d32: 01111011 00001010 00100000 00100000 00100000 00100000  {.    
00000d38: 01110010 01100101 01100001 01100100 01000001 01101110  readAn
00000d3e: 01100100 01010000 01110010 01101001 01101110 01110100  dPrint
00000d44: 01001001 01101110 01110000 01110101 01110100 01000001  InputA
00000d4a: 01110011 01000010 01101001 01110100 01110011 00101000  sBits(
00000d50: 01101001 01101110 01110000 01110101 01110100 00101001  input)
00000d56: 00111011 00001010 00100000 00100000 01111101 00001010  ;.  }.
00000d5c: 00100000 00100000 01110010 01100101 01110100 01110101    retu
00000d62: 01110010 01101110 00100000 00110000 00111011 00001010  rn 0;.
00000d68: 01111101 00001010                                      }.
